# x, y    : 1691, 677
# lat, lon: 36.56500, 59.08955
# ref     : 1591:1592/1610:1611
# refgeo  : 58.98955/58.98955/35.63200/35.63200
# deramp, filtwidth_km, filtwidth_yr : b'1', 2.0, 0.117
# hgt_linear_flag : 1
# gap     : 20220514_20220526 
# linear model: 0.168*t-1.102
20150220    0.00
20150304   -4.76
20150328   -7.68
20150421   -3.42
20150515   -2.23
20150702    1.57
20150726    1.70
20150819   -0.08
20151030   -0.30
20151123   -0.73
20151217   -1.43
20160110   -2.23
20160203   -3.82
20160227   -4.79
20160322  -10.18
20160415   -6.32
20160509   -7.03
20160602   -3.17
20160720   -2.34
20160813   -2.18
20160906    0.15
20160930    3.20
20161024    4.37
20161117    2.56
20161211    4.06
20170104    3.29
20170128    1.79
20170209    1.71
20170221   -0.94
20170305   -2.33
20170317   -3.34
20170329   -2.76
20170410   -3.09
20170422   -3.32
20170504   -1.13
20170516   -9.39
20170528   -9.29
20170609   -1.79
20170703    0.31
20170715    2.21
20170727    2.66
20170808    3.30
20170820    0.49
20170901    1.13
20170913   -0.74
20170925    0.24
20171007    0.49
20171019   -0.26
20171031    0.21
20171112   -0.86
20171124   -2.16
20171206    0.23
20171218    0.47
20171230    1.14
20180111    2.61
20180123   -0.41
20180204    1.02
20180216    0.26
20180228    4.00
20180312   -1.73
20180324   -3.38
20180405   -1.34
20180417   -1.17
20180429   -5.69
20180511   -1.65
20180523   -1.65
20180604    1.82
20180616   -1.38
20180628   -2.92
20180710    3.00
20180722   -0.88
20180803   -0.32
20180815   -0.81
20180827    0.16
20180908   -0.08
20181002   -0.53
20181014    0.06
20181026    0.84
20181107   -2.37
20181119   -2.26
20181201   -1.30
20181213   -1.57
20181225   -2.40
20190106   -0.79
20190118   -1.92
20190130   -1.51
20190211   -2.78
20190223    1.01
20190307   -0.70
20190331    6.69
20190412   10.53
20190424   -1.11
20190506    5.00
20190518    5.44
20190530   -4.02
20190611    1.95
20190623    1.25
20190705    0.77
20190717   -0.93
20190729    4.60
20190810    3.76
20190822    4.38
20190903    2.38
20190915    6.42
20190927    2.72
20191009    5.13
20191021    2.44
20191102    1.98
20191114    1.63
20191126    2.57
20191208    8.35
20191220    0.39
20200101    1.72
20200125    0.17
20200206    1.61
20200218    3.18
20200301    1.89
20200313   -0.05
20200406    1.36
20200418    3.84
20200430   -2.19
20200512    0.88
20200524   -4.42
20200605   -3.80
20200617   -3.03
20200629   -3.14
20200723  -15.00
20200804  -10.14
20200816   -9.17
20200828   -9.83
20200909   -7.34
20200921   -5.97
20201003   -5.85
20201015   -5.35
20201027   -3.55
20201108   -5.05
20201120   -1.36
20201202   -0.46
20201214   -1.33
20210107    0.64
20210119    1.41
20210131   -0.96
20210212    0.48
20210224    2.23
20210308    3.51
20210320    3.08
20210413    5.18
20210425    2.36
20210507    4.06
20210519    0.01
20210531   -4.41
20210612   -2.90
20210624   -4.37
20210706   -5.32
20210718   -3.40
20210730   -1.97
20210811   -0.53
20210823   -1.29
20210904    1.77
20210916   -0.77
20210928    1.68
20211010    1.26
20211022    4.14
20211103   -0.08
20211115    2.33
20211127    2.66
20211209    3.68
20211221   -2.58
20220102    5.10
20220114    2.08
20220126   -1.89
20220207    2.49
20220219   -1.42
20220303   -4.53
20220315    3.56
20220327   -0.25
20220408   -1.89
20220420    2.41
20220502    1.25
20220514    3.72
20220526    2.30
20220607    1.63
20220619    4.30
20220701    5.48
20220713    7.23
20220725    9.30
20220806    7.13
20220818    9.19
20220830   10.99
20220911    8.41
20220923    8.61
20221005    8.64
20221029    6.46
20221110    5.87
20221122    7.06
20221204    5.76
20221216    5.56
20221228    4.41
20230109    6.05
20230121    3.11
20230202    5.56
20230226   -2.08
20230310   -6.35
20230322   -5.37
20230403   -5.49
20230415   -8.02
20230427   -8.50
20230509  -11.78
20230521  -13.44
20230602  -14.30
20230614  -11.16
20230626   -9.34
20230708  -10.22
20230720  -10.97
20230801   -4.01
20230813   -1.79
20230825   -5.20
20230906   -0.43
20230918    0.17
20230930    0.97
20231012   -3.77
20231024    2.08
20231105    2.77
20231117    0.60
20231129    0.66
20231211    1.28
20231223    3.06
20240104    3.27
20240116    1.56
20240209    1.78
20240221    0.12
