# x, y    : 1668, 628
# lat, lon: 36.61400, 59.06655
# ref     : 1591:1592/1610:1611
# refgeo  : 58.98955/58.98955/35.63200/35.63200
# deramp, filtwidth_km, filtwidth_yr : b'1', 2.0, 0.117
# hgt_linear_flag : 1
# gap     : 20220514_20220526 
# linear model: -2.997*t+3.622
20150220    0.00
20150304   -1.55
20150328   -1.47
20150421   -3.94
20150515   -4.96
20150702    0.93
20150726    2.93
20150819    6.19
20151030    3.95
20151123    1.43
20151217    0.22
20160110   -2.03
20160203   -0.41
20160227   -1.61
20160322   -9.22
20160415   -7.60
20160509   -6.69
20160602   -9.63
20160720   -0.76
20160813    0.16
20160906    1.71
20160930    4.15
20161024    4.30
20161117    4.73
20161211    3.39
20170104    4.67
20170128    3.36
20170209    2.23
20170221   -1.31
20170305   -3.10
20170317   -4.29
20170329   -4.30
20170410   -7.25
20170422   -7.72
20170504   -4.80
20170516   -6.91
20170528   -2.24
20170609   -2.67
20170703   -2.56
20170715   -3.68
20170727   -4.09
20170808   -2.53
20170820   -2.26
20170901   -2.19
20170913   -3.21
20170925   -1.93
20171007   -3.03
20171019   -2.26
20171031   -1.83
20171112   -1.01
20171124   -1.61
20171206   -1.73
20171218   -2.08
20171230   -1.10
20180111   -1.70
20180123   -1.89
20180204   -0.64
20180216   -2.15
20180228    1.56
20180312   -1.04
20180324   -2.91
20180405   -6.25
20180417   -4.43
20180429  -10.98
20180511   -4.38
20180523   -6.41
20180604   -4.97
20180616   -7.21
20180628   -5.41
20180710   -4.65
20180722   -7.06
20180803   -5.83
20180815   -5.44
20180827   -7.45
20180908   -4.78
20181002   -7.10
20181014   -6.11
20181026   -9.98
20181107   -9.58
20181119   -7.22
20181201   -9.11
20181213   -8.68
20181225   -8.97
20190106  -10.93
20190118  -10.13
20190130  -10.15
20190211  -10.93
20190223   -7.29
20190307   -8.99
20190331   -3.64
20190412   -3.81
20190424  -10.36
20190506   -7.41
20190518   -5.10
20190530  -18.56
20190611  -10.27
20190623  -11.58
20190705  -10.52
20190717   -9.90
20190729   -7.87
20190810   -7.05
20190822   -7.41
20190903   -8.45
20190915   -5.77
20190927   -8.83
20191009   -7.06
20191021   -8.45
20191102  -14.04
20191114   -8.38
20191126  -10.01
20191208   -7.36
20191220  -10.41
20200101  -10.06
20200125   -9.71
20200206   -9.12
20200218   -7.84
20200301   -6.22
20200313   -9.32
20200406   -9.82
20200418   -9.78
20200430  -15.52
20200512  -15.90
20200524  -14.41
20200605  -17.65
20200617  -16.93
20200629  -19.75
20200723  -21.16
20200804  -20.55
20200816  -22.97
20200828  -21.75
20200909  -20.74
20200921  -19.35
20201003  -19.19
20201015  -17.50
20201027  -17.51
20201108  -19.95
20201120  -15.77
20201202  -15.40
20201214  -14.64
20210107  -13.02
20210119  -13.59
20210131  -12.47
20210212  -11.25
20210224  -11.90
20210308  -10.24
20210320  -10.44
20210413   -8.91
20210425  -13.35
20210507   -8.28
20210519  -12.62
20210531  -17.99
20210612  -16.02
20210624  -17.20
20210706  -19.16
20210718  -17.96
20210730  -13.74
20210811  -15.46
20210823  -19.64
20210904  -13.19
20210916  -16.44
20210928  -17.52
20211010  -14.64
20211022  -14.87
20211103  -14.72
20211115  -14.76
20211127  -14.42
20211209  -13.63
20211221  -13.28
20220102  -16.28
20220114  -15.43
20220126  -16.90
20220207  -16.26
20220219  -18.04
20220303  -12.55
20220315  -15.53
20220327  -19.18
20220408  -18.88
20220420  -14.16
20220502  -19.63
20220514  -12.61
20220526  -15.02
20220607  -14.21
20220619  -17.41
20220701  -11.01
20220713  -11.18
20220725  -11.50
20220806  -12.10
20220818  -12.06
20220830  -10.04
20220911  -13.34
20220923  -12.44
20221005  -12.38
20221029  -14.60
20221110  -13.22
20221122  -14.88
20221204  -14.81
20221216  -15.44
20221228  -16.06
20230109  -14.91
20230121  -17.27
20230202  -17.36
20230226  -22.50
20230310  -19.79
20230322  -23.75
20230403  -25.44
20230415  -29.07
20230427  -29.75
20230509  -31.41
20230521  -33.47
20230602  -37.70
20230614  -34.54
20230626  -32.89
20230708  -34.26
20230720  -31.02
20230801  -24.61
20230813  -23.03
20230825  -21.44
20230906  -21.85
20230918  -20.68
20230930  -21.41
20231012  -19.73
20231024  -19.93
20231105  -21.16
20231117  -24.42
20231129  -24.85
20231211  -20.85
20231223  -27.22
20240104  -22.65
20240116  -21.28
20240209  -24.57
20240221  -23.24
