# x, y    : 1736, 626
# lat, lon: 36.61600, 59.13455
# ref     : 1591:1592/1610:1611
# refgeo  : 58.98955/58.98955/35.63200/35.63200
# deramp, filtwidth_km, filtwidth_yr : b'1', 2.0, 0.117
# hgt_linear_flag : 1
# gap     : 20220514_20220526 
# linear model: -9.275*t+2.117
20150220    0.00
20150304   -0.65
20150328   -1.49
20150421   -3.32
20150515   -1.89
20150702    6.80
20150726    8.64
20150819    6.63
20151030    0.66
20151123   -0.69
20151217   -2.86
20160110   -5.50
20160203   -4.77
20160227   -6.99
20160322  -11.17
20160415   -7.50
20160509  -11.55
20160602  -10.49
20160720  -10.13
20160813   -9.71
20160906   -8.18
20160930   -8.20
20161024   -9.26
20161117  -10.27
20161211  -10.01
20170104  -11.17
20170128   -9.97
20170209  -14.49
20170221  -17.37
20170305  -21.02
20170317  -24.07
20170329  -22.77
20170410  -24.59
20170422  -27.02
20170504  -25.96
20170516  -25.50
20170528  -23.01
20170609  -28.75
20170703  -21.18
20170715  -21.69
20170727  -23.86
20170808  -20.75
20170820  -21.37
20170901  -22.80
20170913  -24.52
20170925  -22.87
20171007  -22.50
20171019  -23.06
20171031  -23.45
20171112  -22.81
20171124  -25.13
20171206  -23.34
20171218  -24.33
20171230  -23.32
20180111  -19.06
20180123  -24.41
20180204  -24.33
20180216  -25.13
20180228  -22.85
20180312  -27.44
20180324  -28.15
20180405  -29.17
20180417  -30.48
20180429  -34.34
20180511  -29.43
20180523  -28.37
20180604  -27.84
20180616  -27.57
20180628  -27.98
20180710  -26.77
20180722  -23.23
20180803  -27.36
20180815  -31.00
20180827  -27.94
20180908  -27.83
20181002  -33.17
20181014  -32.20
20181026  -37.70
20181107  -35.59
20181119  -36.42
20181201  -36.16
20181213  -37.71
20181225  -38.08
20190106  -36.14
20190118  -39.55
20190130  -36.56
20190211  -39.28
20190223  -37.05
20190307  -37.82
20190331  -32.36
20190412  -30.38
20190424  -39.03
20190506  -37.92
20190518  -32.74
20190530  -37.25
20190611  -37.74
20190623  -39.96
20190705  -37.82
20190717  -37.46
20190729  -34.96
20190810  -35.50
20190822  -35.23
20190903  -38.30
20190915  -35.50
20190927  -38.29
20191009  -38.55
20191021  -40.40
20191102  -39.23
20191114  -41.53
20191126  -41.58
20191208  -42.26
20191220  -42.41
20200101  -43.51
20200125  -43.44
20200206  -44.01
20200218  -43.31
20200301  -44.25
20200313  -45.46
20200406  -45.58
20200418  -47.25
20200430  -52.63
20200512  -52.55
20200524  -53.31
20200605  -52.73
20200617  -49.77
20200629  -51.47
20200723  -52.69
20200804  -49.48
20200816  -56.59
20200828  -57.49
20200909  -55.63
20200921  -55.68
20201003  -56.21
20201015  -54.94
20201027  -52.87
20201108  -54.55
20201120  -51.57
20201202  -51.45
20201214  -50.99
20210107  -50.17
20210119  -50.71
20210131  -49.38
20210212  -50.45
20210224  -49.42
20210308  -48.28
20210320  -52.54
20210413  -50.68
20210425  -53.09
20210507  -48.77
20210519  -55.75
20210531  -61.31
20210612  -56.39
20210624  -58.26
20210706  -59.38
20210718  -57.47
20210730  -57.12
20210811  -53.98
20210823  -54.35
20210904  -52.20
20210916  -56.89
20210928  -57.14
20211010  -55.56
20211022  -54.16
20211103  -57.49
20211115  -56.60
20211127  -56.39
20211209  -57.04
20211221  -62.74
20220102  -61.04
20220114  -54.84
20220126  -59.19
20220207  -61.59
20220219  -62.07
20220303  -64.38
20220315  -62.02
20220327  -60.20
20220408  -63.24
20220420  -59.82
20220502  -61.30
20220514  -61.60
20220526  -62.11
20220607  -60.91
20220619  -64.28
20220701  -58.03
20220713  -58.09
20220725  -58.52
20220806  -58.75
20220818  -58.98
20220830  -56.49
20220911  -59.11
20220923  -59.84
20221005  -59.47
20221029  -62.00
20221110  -61.43
20221122  -62.94
20221204  -64.65
20221216  -64.89
20221228  -66.00
20230109  -65.50
20230121  -67.52
20230202  -71.81
20230226  -75.67
20230310  -74.75
20230322  -76.36
20230403  -76.15
20230415  -78.61
20230427  -80.40
20230509  -78.79
20230521  -84.49
20230602  -84.13
20230614  -87.09
20230626  -83.33
20230708  -84.51
20230720  -85.60
20230801  -80.63
20230813  -78.82
20230825  -79.27
20230906  -80.45
20230918  -78.17
20230930  -79.50
20231012  -76.94
20231024  -79.76
20231105  -80.96
20231117  -82.32
20231129  -81.56
20231211  -82.72
20231223  -81.65
20240104  -83.88
20240116  -84.84
20240209  -86.11
20240221  -87.16
