# x, y    : 1672, 628
# lat, lon: 36.61400, 59.07055
# ref     : 1591:1592/1610:1611
# refgeo  : 58.98955/58.98955/35.63200/35.63200
# deramp, filtwidth_km, filtwidth_yr : b'1', 2.0, 0.117
# hgt_linear_flag : 1
# gap     : 20220514_20220526 
# linear model: -3.596*t+4.005
20150220    0.00
20150304   -1.70
20150328   -1.77
20150421   -2.89
20150515   -4.86
20150702    2.82
20150726    4.04
20150819    7.55
20151030    5.45
20151123    2.65
20151217    1.47
20160110   -0.93
20160203    0.40
20160227   -0.46
20160322   -8.44
20160415   -5.44
20160509   -6.15
20160602   -9.52
20160720    0.25
20160813    0.02
20160906    1.28
20160930    4.09
20161024    4.12
20161117    4.79
20161211    3.45
20170104    5.08
20170128    3.20
20170209    1.56
20170221   -1.58
20170305   -4.07
20170317   -5.51
20170329   -5.34
20170410   -8.18
20170422   -8.71
20170504   -7.12
20170516   -7.74
20170528   -4.98
20170609   -3.79
20170703   -3.74
20170715   -5.08
20170727   -5.70
20170808   -4.20
20170820   -3.79
20170901   -3.53
20170913   -4.37
20170925   -3.43
20171007   -4.35
20171019   -3.49
20171031   -3.65
20171112   -2.46
20171124   -1.68
20171206   -3.54
20171218   -2.95
20171230   -2.86
20180111   -3.89
20180123   -3.76
20180204   -2.72
20180216   -4.08
20180228   -0.42
20180312   -3.34
20180324   -5.46
20180405   -7.82
20180417   -6.56
20180429  -12.91
20180511   -6.95
20180523   -8.97
20180604   -7.24
20180616   -8.55
20180628   -6.89
20180710   -7.69
20180722   -8.79
20180803   -7.56
20180815   -7.30
20180827   -8.89
20180908   -6.60
20181002   -8.98
20181014   -8.42
20181026  -12.84
20181107  -11.75
20181119   -9.60
20181201  -11.07
20181213  -11.06
20181225  -11.00
20190106  -13.42
20190118  -12.27
20190130  -12.19
20190211  -12.97
20190223   -9.42
20190307  -10.35
20190331   -5.94
20190412   -5.98
20190424  -11.76
20190506   -9.70
20190518   -8.07
20190530  -22.63
20190611  -12.86
20190623  -14.76
20190705  -13.41
20190717  -12.79
20190729  -10.14
20190810  -10.03
20190822  -10.14
20190903  -11.21
20190915   -8.55
20190927  -11.46
20191009   -9.47
20191021  -11.50
20191102  -17.13
20191114  -11.31
20191126  -12.65
20191208  -10.75
20191220  -13.37
20200101  -12.99
20200125  -12.69
20200206  -12.39
20200218  -10.89
20200301   -9.80
20200313  -12.83
20200406  -12.91
20200418  -14.07
20200430  -19.40
20200512  -20.70
20200524  -18.49
20200605  -21.72
20200617  -20.68
20200629  -22.84
20200723  -24.59
20200804  -23.73
20200816  -25.69
20200828  -24.86
20200909  -23.98
20200921  -22.11
20201003  -22.06
20201015  -20.61
20201027  -20.85
20201108  -22.78
20201120  -18.94
20201202  -18.55
20201214  -17.89
20210107  -16.51
20210119  -16.91
20210131  -15.79
20210212  -15.08
20210224  -15.14
20210308  -13.72
20210320  -13.69
20210413  -12.39
20210425  -16.24
20210507  -11.09
20210519  -15.71
20210531  -20.63
20210612  -18.20
20210624  -20.10
20210706  -21.19
20210718  -21.16
20210730  -17.28
20210811  -18.14
20210823  -21.61
20210904  -15.65
20210916  -19.24
20210928  -20.60
20211010  -17.40
20211022  -17.59
20211103  -17.62
20211115  -17.40
20211127  -17.30
20211209  -16.78
20211221  -16.34
20220102  -20.30
20220114  -18.07
20220126  -20.23
20220207  -19.35
20220219  -20.74
20220303  -15.71
20220315  -18.17
20220327  -21.63
20220408  -21.68
20220420  -17.73
20220502  -22.67
20220514  -16.62
20220526  -19.29
20220607  -18.39
20220619  -21.43
20220701  -15.10
20220713  -15.62
20220725  -16.10
20220806  -16.63
20220818  -16.32
20220830  -14.42
20220911  -17.84
20220923  -16.58
20221005  -16.70
20221029  -18.92
20221110  -17.56
20221122  -19.54
20221204  -19.25
20221216  -19.85
20221228  -20.46
20230109  -19.41
20230121  -21.59
20230202  -21.07
20230226  -27.19
20230310  -24.44
20230322  -28.33
20230403  -30.01
20230415  -33.32
20230427  -34.36
20230509  -35.18
20230521  -37.45
20230602  -42.66
20230614  -39.19
20230626  -36.75
20230708  -38.96
20230720  -35.76
20230801  -29.44
20230813  -27.46
20230825  -25.99
20230906  -26.27
20230918  -25.20
20230930  -25.87
20231012  -24.38
20231024  -24.93
20231105  -25.90
20231117  -28.74
20231129  -29.37
20231211  -26.13
20231223  -32.16
20240104  -27.81
20240116  -26.44
20240209  -28.92
20240221  -27.64
