# x, y    : 1859, 618
# lat, lon: 36.62400, 59.25755
# ref     : 1591:1592/1610:1611
# refgeo  : 58.98955/58.98955/35.63200/35.63200
# deramp, filtwidth_km, filtwidth_yr : b'1', 2.0, 0.117
# hgt_linear_flag : 1
# gap     : 20220514_20220526 
# linear model: -18.407*t+4.856
20150220    0.00
20150304    0.35
20150328    0.73
20150421    2.09
20150515    1.10
20150702    3.01
20150726   -0.35
20150819   -1.82
20151030   -6.43
20151123  -12.25
20151217  -13.30
20160110  -14.57
20160203  -12.16
20160227  -11.36
20160322  -15.39
20160415  -13.29
20160509  -13.65
20160602  -16.09
20160720  -23.43
20160813  -24.28
20160906  -24.13
20160930  -25.64
20161024  -25.17
20161117  -28.19
20161211  -28.07
20170104  -23.59
20170128  -25.21
20170209  -26.28
20170221  -28.13
20170305  -29.85
20170317  -31.76
20170329  -33.80
20170410  -32.16
20170422  -35.40
20170504  -33.44
20170516  -50.19
20170528  -42.85
20170609  -44.48
20170703  -41.56
20170715  -44.55
20170727  -40.62
20170808  -46.32
20170820  -42.39
20170901  -45.77
20170913  -45.62
20170925  -46.92
20171007  -43.49
20171019  -48.53
20171031  -49.12
20171112  -48.85
20171124  -47.68
20171206  -49.01
20171218  -46.30
20171230  -48.66
20180111  -48.47
20180123  -47.77
20180204  -46.49
20180216  -47.99
20180228  -43.84
20180312  -51.27
20180324  -48.33
20180405  -49.68
20180417  -49.33
20180429  -56.41
20180511  -54.19
20180523  -51.76
20180604  -53.75
20180616  -52.64
20180628  -53.53
20180710  -51.84
20180722  -53.43
20180803  -58.75
20180815  -60.37
20180827  -62.02
20180908  -60.61
20181002  -64.67
20181014  -64.63
20181026  -64.70
20181107  -68.58
20181119  -67.32
20181201  -68.69
20181213  -68.48
20181225  -68.32
20190106  -69.59
20190118  -71.05
20190130  -69.91
20190211  -71.71
20190223  -67.18
20190307  -71.00
20190331  -66.61
20190412  -62.02
20190424  -70.55
20190506  -67.83
20190518  -61.05
20190530  -68.56
20190611  -72.90
20190623  -73.97
20190705  -72.72
20190717  -74.71
20190729  -72.49
20190810  -72.96
20190822  -73.74
20190903  -79.22
20190915  -74.31
20190927  -77.84
20191009  -80.74
20191021  -78.99
20191102  -78.75
20191114  -80.14
20191126  -80.39
20191208  -82.50
20191220  -82.51
20200101  -83.49
20200125  -82.62
20200206  -79.83
20200218  -79.97
20200301  -80.64
20200313  -80.85
20200406  -82.89
20200418  -83.89
20200430  -87.70
20200512  -89.28
20200524  -94.72
20200605  -96.72
20200617  -95.92
20200629  -97.93
20200723 -110.64
20200804 -107.37
20200816 -108.83
20200828 -111.22
20200909 -107.01
20200921 -111.89
20201003 -108.98
20201015 -106.86
20201027 -106.44
20201108 -108.38
20201120 -104.63
20201202 -104.21
20201214 -104.07
20210107 -103.70
20210119 -102.72
20210131  -99.42
20210212 -106.39
20210224 -102.46
20210308 -104.75
20210320  -98.18
20210413 -104.45
20210425 -104.00
20210507 -104.41
20210519 -111.13
20210531 -115.84
20210612 -114.92
20210624 -116.10
20210706 -119.80
20210718 -116.57
20210730 -113.70
20210811 -117.07
20210823 -118.45
20210904 -119.06
20210916 -119.33
20210928 -121.21
20211010 -120.58
20211022 -117.09
20211103 -120.38
20211115 -120.73
20211127 -118.20
20211209 -119.92
20211221 -123.34
20220102 -114.10
20220114 -121.10
20220126 -123.25
20220207 -121.29
20220219 -122.09
20220303 -119.25
20220315 -122.27
20220327 -121.97
20220408 -119.21
20220420 -115.83
20220502 -124.39
20220514 -125.07
20220526 -119.77
20220607 -124.31
20220619 -131.91
20220701 -123.94
20220713 -123.98
20220725 -124.07
20220806 -127.84
20220818 -127.99
20220830 -129.45
20220911 -128.02
20220923 -131.91
20221005 -131.10
20221029 -135.61
20221110 -132.48
20221122 -136.06
20221204 -136.73
20221216 -135.82
20221228 -136.72
20230109 -137.74
20230121 -137.23
20230202 -137.44
20230226 -141.90
20230310 -135.36
20230322 -141.77
20230403 -142.86
20230415 -145.94
20230427 -148.96
20230509 -150.78
20230521 -153.52
20230602 -152.93
20230614 -159.89
20230626 -155.06
20230708 -154.47
20230720 -156.54
20230801 -151.75
20230813 -151.50
20230825 -152.01
20230906 -153.44
20230918 -153.91
20230930 -157.49
20231012 -158.64
20231024 -156.25
20231105 -158.38
20231117 -158.15
20231129 -162.82
20231211 -161.53
20231223 -154.58
20240104 -161.04
20240116 -160.17
20240209 -161.97
20240221 -161.19
