# x, y    : 1800, 607
# lat, lon: 36.63500, 59.19855
# ref     : 1591:1592/1610:1611
# refgeo  : 58.98955/58.98955/35.63200/35.63200
# deramp, filtwidth_km, filtwidth_yr : b'1', 2.0, 0.117
# hgt_linear_flag : 1
# gap     : 20150515_20150702 20220514_20220526 
# linear model: -74.930*t+9.299
20150220    0.00
20150304   -3.31
20150328   -4.43
20150421  -16.00
20150515  -24.97
20150702  -62.84
20150726  -61.60
20150819  -67.95
20151030  -87.94
20151123  -96.04
20151217  -99.45
20160110  -99.52
20160203  -99.15
20160227 -102.25
20160322 -112.10
20160415 -104.64
20160509 -117.13
20160602 -124.78
20160720 -100.88
20160813 -111.95
20160906 -120.79
20160930 -124.51
20161024 -128.72
20161117 -134.00
20161211 -135.83
20170104 -135.54
20170128 -136.00
20170209 -135.74
20170221 -138.11
20170305 -139.18
20170317 -138.07
20170329 -141.03
20170410 -141.59
20170422 -149.89
20170504 -159.67
20170516 -162.40
20170528 -169.16
20170609 -165.68
20170703 -160.08
20170715 -152.39
20170727 -153.22
20170808 -159.20
20170820 -162.73
20170901 -167.09
20170913 -169.97
20170925 -171.44
20171007 -170.95
20171019 -176.98
20171031 -177.99
20171112 -184.25
20171124 -180.46
20171206 -185.52
20171218 -185.44
20171230 -182.39
20180111 -182.58
20180123 -181.45
20180204 -180.93
20180216 -183.41
20180228 -179.93
20180312 -191.26
20180324 -193.24
20180405 -195.93
20180417 -200.76
20180429 -202.83
20180511 -208.42
20180523 -208.08
20180604 -213.69
20180616 -213.46
20180628 -218.04
20180710 -225.37
20180722 -227.94
20180803 -230.23
20180815 -228.89
20180827 -241.57
20180908 -240.22
20181002 -249.82
20181014 -253.50
20181026 -257.66
20181107 -256.82
20181119 -259.29
20181201 -259.96
20181213 -263.83
20181225 -265.61
20190106 -270.82
20190118 -268.77
20190130 -284.17
20190211 -271.41
20190223 -268.82
20190307 -274.40
20190331 -273.25
20190412 -274.98
20190424 -286.30
20190506 -284.92
20190518 -286.79
20190530 -297.77
20190611 -302.87
20190623 -312.43
20190705 -310.93
20190717 -315.60
20190729 -313.69
20190810 -319.43
20190822 -323.11
20190903 -327.78
20190915 -328.53
20190927 -336.11
20191009 -339.39
20191021 -341.84
20191102 -345.64
20191114 -345.68
20191126 -349.29
20191208 -348.55
20191220 -352.52
20200101 -355.50
20200125 -355.63
20200206 -356.35
20200218 -352.80
20200301 -353.14
20200313 -358.18
20200406 -366.17
20200418 -371.91
20200430 -380.29
20200512 -380.72
20200524 -387.90
20200605 -391.76
20200617 -388.93
20200629 -399.13
20200723 -414.07
20200804 -414.78
20200816 -417.66
20200828 -420.60
20200909 -431.01
20200921 -427.38
20201003 -426.63
20201015 -427.61
20201027 -428.82
20201108 -429.84
20201120 -432.42
20201202 -434.62
20201214 -434.72
20210107 -434.59
20210119 -436.63
20210131 -427.32
20210212 -436.37
20210224 -439.08
20210308 -444.73
20210320 -446.01
20210413 -452.88
20210425 -458.98
20210507 -451.84
20210519 -464.82
20210531 -472.40
20210612 -470.10
20210624 -481.09
20210706 -481.59
20210718 -485.58
20210730 -489.19
20210811 -489.40
20210823 -493.31
20210904 -493.55
20210916 -497.25
20210928 -499.50
20211010 -501.70
20211022 -502.57
20211103 -507.05
20211115 -508.66
20211127 -511.92
20211209 -515.03
20211221 -516.65
20220102 -504.96
20220114 -519.69
20220126 -518.34
20220207 -520.15
20220219 -521.58
20220303 -530.48
20220315 -528.78
20220327 -530.50
20220408 -532.73
20220420 -532.34
20220502 -537.33
20220514 -538.14
20220526 -525.22
20220607 -531.51
20220619 -536.12
20220701 -537.05
20220713 -538.23
20220725 -538.41
20220806 -540.81
20220818 -544.61
20220830 -544.73
20220911 -549.70
20220923 -554.74
20221005 -555.28
20221029 -561.78
20221110 -565.32
20221122 -569.09
20221204 -572.13
20221216 -574.97
20221228 -576.99
20230109 -578.91
20230121 -579.88
20230202 -578.96
20230226 -584.11
20230310 -576.21
20230322 -592.16
20230403 -596.70
20230415 -593.74
20230427 -604.07
20230509 -609.55
20230521 -609.87
20230602 -616.14
20230614 -625.13
20230626 -622.31
20230708 -632.41
20230720 -632.23
20230801 -628.96
20230813 -629.33
20230825 -631.60
20230906 -634.91
20230918 -636.23
20230930 -640.23
20231012 -644.55
20231024 -649.16
20231105 -647.31
20231117 -651.97
20231129 -659.16
20231211 -661.48
20231223 -659.53
20240104 -660.71
20240116 -664.04
20240209 -668.50
20240221 -664.01
