# x, y    : 1799, 607
# lat, lon: 36.63500, 59.19755
# ref     : 1591:1592/1610:1611
# refgeo  : 58.98955/58.98955/35.63200/35.63200
# deramp, filtwidth_km, filtwidth_yr : b'1', 2.0, 0.117
# hgt_linear_flag : 1
# gap     : 20150515_20150702 20220514_20220526 
# linear model: -74.720*t+10.586
20150220    0.00
20150304   -3.30
20150328   -4.74
20150421  -14.58
20150515  -19.42
20150702  -34.85
20150726  -34.47
20150819  -38.91
20151030  -61.13
20151123  -66.10
20151217  -71.10
20160110  -71.03
20160203  -70.63
20160227  -73.17
20160322  -85.69
20160415  -84.42
20160509  -99.83
20160602 -106.93
20160720 -106.25
20160813 -117.56
20160906 -125.84
20160930 -129.48
20161024 -134.53
20161117 -139.05
20161211 -141.21
20170104 -140.50
20170128 -140.87
20170209 -142.29
20170221 -145.94
20170305 -146.17
20170317 -146.76
20170329 -147.15
20170410 -147.19
20170422 -152.31
20170504 -158.99
20170516 -160.07
20170528 -170.36
20170609 -167.04
20170703 -171.08
20170715 -166.92
20170727 -170.35
20170808 -171.50
20170820 -175.04
20170901 -179.21
20170913 -179.21
20170925 -185.76
20171007 -181.46
20171019 -186.73
20171031 -187.92
20171112 -194.02
20171124 -189.73
20171206 -194.72
20171218 -195.07
20171230 -192.24
20180111 -193.10
20180123 -191.67
20180204 -190.89
20180216 -193.47
20180228 -189.93
20180312 -200.96
20180324 -203.01
20180405 -205.57
20180417 -210.51
20180429 -211.67
20180511 -218.15
20180523 -217.18
20180604 -221.97
20180616 -218.54
20180628 -224.10
20180710 -230.04
20180722 -231.33
20180803 -232.52
20180815 -229.70
20180827 -241.33
20180908 -238.23
20181002 -249.12
20181014 -253.56
20181026 -258.30
20181107 -258.64
20181119 -260.89
20181201 -261.61
20181213 -265.63
20181225 -267.30
20190106 -272.72
20190118 -270.52
20190130 -282.01
20190211 -273.07
20190223 -270.36
20190307 -276.70
20190331 -275.14
20190412 -274.99
20190424 -284.94
20190506 -285.01
20190518 -285.31
20190530 -294.49
20190611 -296.10
20190623 -303.61
20190705 -302.69
20190717 -307.46
20190729 -304.37
20190810 -310.70
20190822 -314.27
20190903 -318.35
20190915 -320.19
20190927 -326.54
20191009 -330.41
20191021 -333.18
20191102 -337.34
20191114 -336.87
20191126 -340.73
20191208 -340.07
20191220 -344.20
20200101 -347.00
20200125 -346.71
20200206 -347.66
20200218 -343.93
20200301 -344.04
20200313 -349.81
20200406 -357.45
20200418 -364.42
20200430 -373.01
20200512 -371.15
20200524 -381.45
20200605 -385.65
20200617 -388.54
20200629 -393.34
20200723 -406.24
20200804 -409.24
20200816 -412.71
20200828 -415.50
20200909 -425.31
20200921 -424.78
20201003 -422.50
20201015 -423.76
20201027 -425.23
20201108 -426.34
20201120 -428.18
20201202 -430.78
20201214 -431.62
20210107 -430.42
20210119 -432.41
20210131 -423.10
20210212 -432.04
20210224 -434.95
20210308 -440.50
20210320 -441.82
20210413 -449.11
20210425 -455.29
20210507 -448.56
20210519 -461.69
20210531 -469.27
20210612 -466.19
20210624 -477.02
20210706 -477.58
20210718 -481.51
20210730 -485.19
20210811 -485.53
20210823 -489.51
20210904 -489.54
20210916 -493.05
20210928 -495.10
20211010 -497.08
20211022 -498.31
20211103 -502.86
20211115 -504.10
20211127 -507.59
20211209 -510.16
20211221 -511.95
20220102 -500.41
20220114 -514.88
20220126 -513.81
20220207 -515.97
20220219 -516.46
20220303 -525.70
20220315 -524.81
20220327 -526.91
20220408 -529.10
20220420 -530.23
20220502 -534.71
20220514 -538.47
20220526 -520.19
20220607 -524.90
20220619 -532.74
20220701 -532.93
20220713 -533.85
20220725 -534.01
20220806 -536.54
20220818 -540.52
20220830 -540.86
20220911 -545.83
20220923 -551.03
20221005 -551.78
20221029 -557.85
20221110 -561.37
20221122 -564.87
20221204 -568.20
20221216 -570.89
20221228 -573.03
20230109 -574.83
20230121 -575.93
20230202 -574.92
20230226 -580.47
20230310 -571.32
20230322 -588.83
20230403 -595.97
20230415 -597.80
20230427 -602.49
20230509 -607.91
20230521 -613.50
20230602 -615.32
20230614 -621.42
20230626 -617.69
20230708 -627.25
20230720 -629.03
20230801 -626.48
20230813 -626.23
20230825 -628.92
20230906 -634.49
20230918 -634.30
20230930 -638.06
20231012 -642.84
20231024 -647.13
20231105 -644.75
20231117 -648.94
20231129 -656.80
20231211 -658.83
20231223 -657.06
20240104 -658.25
20240116 -661.61
20240209 -665.97
20240221 -661.44
