# x, y    : 1803, 720
# lat, lon: 36.52200, 59.20155
# ref     : 1591:1592/1610:1611
# refgeo  : 58.98955/58.98955/35.63200/35.63200
# deramp, filtwidth_km, filtwidth_yr : b'1', 2.0, 0.117
# hgt_linear_flag : 1
# gap     : 20220514_20220526 
# linear model: 0.969*t+6.284
20150220    0.00
20150304   -1.77
20150328   -0.02
20150421    3.45
20150515    1.91
20150702    1.19
20150726    5.09
20150819    3.91
20151030    7.16
20151123    6.09
20151217    5.20
20160110    1.73
20160203    4.50
20160227    3.01
20160322   -0.60
20160415    7.29
20160509    5.20
20160602    2.43
20160720    8.67
20160813   10.28
20160906   11.13
20160930   12.73
20161024   12.94
20161117   12.88
20161211   13.55
20170104   14.69
20170128   12.93
20170209   11.53
20170221    8.99
20170305    6.49
20170317    5.36
20170329    7.18
20170410    7.46
20170422    5.91
20170504    9.84
20170516    6.55
20170528    8.12
20170609    7.31
20170703    9.88
20170715   10.25
20170727    8.04
20170808   14.52
20170820   10.95
20170901   10.56
20170913   10.66
20170925   11.02
20171007   10.37
20171019   10.24
20171031   11.61
20171112   10.22
20171124   13.94
20171206   11.07
20171218   13.31
20171230   12.51
20180111   13.06
20180123   10.37
20180204   12.62
20180216   12.03
20180228   15.35
20180312   10.62
20180324    9.55
20180405    9.96
20180417   11.90
20180429    7.14
20180511    7.68
20180523    9.79
20180604    9.37
20180616   10.28
20180628   10.85
20180710   12.77
20180722    9.50
20180803   11.02
20180815    9.11
20180827   11.28
20180908   11.70
20181002    9.22
20181014   10.58
20181026    8.26
20181107    9.38
20181119    9.44
20181201    9.31
20181213    7.79
20181225    9.26
20190106    6.76
20190118    7.68
20190130    9.35
20190211    7.40
20190223   11.00
20190307    7.80
20190331   13.37
20190412   18.38
20190424    6.93
20190506    9.28
20190518   11.91
20190530    8.96
20190611    9.80
20190623    8.87
20190705    9.76
20190717   10.69
20190729   13.24
20190810   13.84
20190822   16.95
20190903   13.49
20190915   16.48
20190927   12.80
20191009   13.99
20191021   12.80
20191102   10.89
20191114   12.84
20191126   12.83
20191208   15.47
20191220   12.59
20200101   12.53
20200125   11.89
20200206   12.25
20200218   12.82
20200301   13.47
20200313   11.93
20200406   11.59
20200418   12.52
20200430    7.43
20200512    8.01
20200524    4.23
20200605    7.75
20200617    7.02
20200629    5.46
20200723    5.11
20200804    3.21
20200816    5.66
20200828    4.42
20200909    8.95
20200921    6.43
20201003    7.03
20201015    8.33
20201027    9.05
20201108    7.14
20201120    9.90
20201202    9.75
20201214    9.90
20210107   11.64
20210119   12.11
20210131   12.18
20210212   11.69
20210224   13.19
20210308   13.97
20210320   17.21
20210413   15.20
20210425   12.46
20210507   16.44
20210519   15.41
20210531   12.67
20210612   11.98
20210624    8.26
20210706    9.90
20210718    9.89
20210730   11.86
20210811   13.00
20210823    9.70
20210904   14.94
20210916   12.13
20210928   13.45
20211010   13.95
20211022   13.94
20211103   12.35
20211115   13.69
20211127   13.89
20211209   13.78
20211221   15.76
20220102   15.49
20220114   13.66
20220126   11.68
20220207   13.19
20220219   10.33
20220303   11.97
20220315   15.64
20220327   11.73
20220408   10.91
20220420   13.54
20220502   10.73
20220514   14.27
20220526   13.58
20220607   15.45
20220619   20.70
20220701   17.34
20220713   18.62
20220725   19.06
20220806   20.63
20220818   19.55
20220830   21.94
20220911   19.70
20220923   19.99
20221005   18.79
20221029   18.24
20221110   19.31
20221122   18.38
20221204   17.19
20221216   17.71
20221228   15.58
20230109   16.20
20230121   14.77
20230202   11.63
20230226   13.22
20230310   12.48
20230322    9.26
20230403   11.41
20230415    6.66
20230427    7.72
20230509    8.51
20230521    5.27
20230602    2.71
20230614    6.46
20230626    6.68
20230708    7.07
20230720    5.80
20230801   11.54
20230813   13.54
20230825   13.62
20230906   14.05
20230918   15.75
20230930   15.09
20231012   15.63
20231024   14.22
20231105   17.19
20231117   14.80
20231129   16.23
20231211   14.72
20231223   20.17
20240104   16.31
20240116   15.00
20240209   13.51
20240221   13.75
