# x, y    : 1874, 706
# lat, lon: 36.53600, 59.27255
# ref     : 1591:1592/1610:1611
# refgeo  : 58.98955/58.98955/35.63200/35.63200
# deramp, filtwidth_km, filtwidth_yr : b'1', 2.0, 0.117
# hgt_linear_flag : 1
# gap     : 20220514_20220526 
# linear model: -55.288*t+9.662
20150220    0.00
20150304   -1.53
20150328   -0.31
20150421   -2.67
20150515   -3.68
20150702   -0.97
20150726   -6.45
20150819   -7.60
20151030  -22.07
20151123  -25.50
20151217  -30.54
20160110  -38.74
20160203  -40.29
20160227  -45.31
20160322  -52.13
20160415  -51.67
20160509  -53.29
20160602  -46.85
20160720  -56.07
20160813  -63.44
20160906  -67.45
20160930  -71.71
20161024  -76.06
20161117  -81.60
20161211  -86.35
20170104  -88.19
20170128  -93.55
20170209  -95.78
20170221 -100.48
20170305 -103.82
20170317 -107.88
20170329 -107.95
20170410 -111.11
20170422 -111.83
20170504 -113.67
20170516 -116.91
20170528 -117.80
20170609 -118.07
20170703 -120.77
20170715 -120.61
20170727 -123.23
20170808 -127.27
20170820 -126.80
20170901 -129.28
20170913 -131.21
20170925 -132.37
20171007 -134.75
20171019 -136.17
20171031 -137.93
20171112 -139.55
20171124 -137.42
20171206 -142.06
20171218 -141.20
20171230 -145.89
20180111 -148.56
20180123 -149.66
20180204 -150.59
20180216 -154.09
20180228 -151.38
20180312 -158.00
20180324 -158.87
20180405 -162.73
20180417 -161.66
20180429 -168.26
20180511 -169.38
20180523 -168.44
20180604 -168.12
20180616 -171.53
20180628 -173.05
20180710 -171.65
20180722 -171.54
20180803 -178.29
20180815 -178.08
20180827 -180.06
20180908 -183.81
20181002 -190.49
20181014 -192.15
20181026 -194.06
20181107 -198.32
20181119 -201.46
20181201 -203.36
20181213 -206.35
20181225 -207.09
20190106 -208.31
20190118 -211.77
20190130 -209.85
20190211 -216.42
20190223 -216.35
20190307 -219.92
20190331 -221.11
20190412 -221.17
20190424 -230.52
20190506 -228.60
20190518 -224.02
20190530 -237.16
20190611 -236.39
20190623 -235.52
20190705 -237.69
20190717 -237.40
20190729 -238.60
20190810 -237.30
20190822 -239.42
20190903 -241.80
20190915 -241.37
20190927 -247.10
20191009 -249.11
20191021 -252.03
20191102 -252.65
20191114 -256.21
20191126 -258.59
20191208 -259.62
20191220 -264.25
20200101 -265.15
20200125 -270.41
20200206 -272.26
20200218 -272.80
20200301 -275.86
20200313 -277.93
20200406 -281.07
20200418 -282.56
20200430 -287.42
20200512 -289.71
20200524 -293.88
20200605 -294.76
20200617 -296.81
20200629 -301.64
20200723 -313.16
20200804 -312.01
20200816 -309.10
20200828 -311.55
20200909 -314.13
20200921 -315.22
20201003 -312.55
20201015 -312.12
20201027 -312.41
20201108 -314.72
20201120 -312.86
20201202 -314.58
20201214 -315.42
20210107 -317.23
20210119 -318.03
20210131 -313.29
20210212 -321.05
20210224 -321.38
20210308 -321.86
20210320 -322.71
20210413 -325.25
20210425 -329.83
20210507 -324.34
20210519 -332.16
20210531 -338.12
20210612 -337.50
20210624 -339.79
20210706 -339.31
20210718 -342.48
20210730 -341.83
20210811 -342.03
20210823 -346.12
20210904 -341.74
20210916 -346.65
20210928 -346.99
20211010 -348.78
20211022 -348.55
20211103 -352.01
20211115 -353.04
20211127 -356.09
20211209 -358.28
20211221 -363.38
20220102 -360.37
20220114 -359.88
20220126 -366.76
20220207 -368.88
20220219 -371.06
20220303 -376.09
20220315 -370.78
20220327 -378.90
20220408 -379.27
20220420 -378.20
20220502 -381.72
20220514 -380.13
20220526 -395.98
20220607 -396.16
20220619 -394.84
20220701 -397.20
20220713 -400.06
20220725 -400.91
20220806 -402.22
20220818 -402.88
20220830 -403.79
20220911 -406.37
20220923 -406.80
20221005 -410.18
20221029 -414.30
20221110 -415.96
20221122 -417.79
20221204 -420.79
20221216 -423.24
20221228 -425.35
20230109 -425.25
20230121 -429.48
20230202 -434.36
20230226 -437.36
20230310 -437.45
20230322 -442.28
20230403 -443.63
20230415 -445.90
20230427 -447.74
20230509 -447.41
20230521 -451.75
20230602 -456.48
20230614 -456.24
20230626 -457.04
20230708 -456.02
20230720 -458.58
20230801 -456.22
20230813 -456.43
20230825 -456.58
20230906 -459.92
20230918 -459.73
20230930 -462.57
20231012 -462.26
20231024 -465.51
20231105 -465.80
20231117 -470.65
20231129 -471.30
20231211 -472.58
20231223 -469.66
20240104 -474.01
20240116 -476.31
20240209 -480.01
20240221 -481.38
