# x, y    : 1895, 661
# lat, lon: 36.58100, 59.29355
# ref     : 1591:1592/1610:1611
# refgeo  : 58.98955/58.98955/35.63200/35.63200
# deramp, filtwidth_km, filtwidth_yr : b'1', 2.0, 0.117
# hgt_linear_flag : 1
# gap     : 20220514_20220526 
# linear model: -89.908*t+34.267
20150220    0.00
20150304    1.42
20150328   -0.02
20150421   -5.31
20150515   -3.38
20150702  -18.61
20150726  -21.44
20150819  -30.67
20151030  -43.64
20151123  -49.02
20151217  -56.96
20160110  -64.00
20160203  -64.40
20160227  -66.36
20160322  -74.18
20160415  -68.80
20160509  -77.31
20160602  -85.12
20160720  -97.26
20160813 -101.17
20160906 -113.91
20160930 -120.96
20161024 -130.17
20161117 -140.87
20161211 -140.66
20170104 -141.15
20170128 -146.47
20170209 -147.07
20170221 -149.30
20170305 -150.39
20170317 -150.40
20170329 -155.13
20170410 -155.84
20170422 -164.69
20170504 -165.66
20170516 -174.77
20170528 -178.78
20170609 -177.98
20170703 -178.70
20170715 -183.06
20170727 -186.33
20170808 -188.12
20170820 -191.40
20170901 -194.79
20170913 -199.29
20170925 -199.58
20171007 -202.55
20171019 -205.12
20171031 -209.70
20171112 -215.29
20171124 -207.41
20171206 -214.19
20171218 -216.10
20171230 -216.06
20180111 -215.41
20180123 -217.08
20180204 -218.39
20180216 -221.68
20180228 -218.89
20180312 -227.40
20180324 -231.31
20180405 -231.68
20180417 -235.98
20180429 -246.10
20180511 -244.47
20180523 -245.45
20180604 -251.79
20180616 -248.35
20180628 -251.77
20180710 -247.37
20180722 -249.33
20180803 -263.86
20180815 -264.51
20180827 -270.94
20180908 -270.56
20181002 -282.86
20181014 -286.13
20181026 -290.97
20181107 -293.98
20181119 -298.14
20181201 -300.90
20181213 -304.20
20181225 -306.11
20190106 -311.94
20190118 -312.47
20190130 -321.61
20190211 -315.99
20190223 -313.96
20190307 -319.25
20190331 -319.22
20190412 -321.08
20190424 -331.29
20190506 -331.04
20190518 -325.33
20190530 -337.55
20190611 -343.65
20190623 -344.94
20190705 -346.20
20190717 -346.74
20190729 -351.90
20190810 -349.49
20190822 -353.63
20190903 -357.10
20190915 -357.51
20190927 -365.00
20191009 -369.78
20191021 -370.08
20191102 -373.69
20191114 -375.96
20191126 -378.55
20191208 -379.24
20191220 -383.66
20200101 -386.39
20200125 -389.22
20200206 -389.45
20200218 -389.55
20200301 -390.58
20200313 -394.35
20200406 -398.06
20200418 -401.45
20200430 -406.57
20200512 -414.64
20200524 -425.64
20200605 -431.30
20200617 -433.43
20200629 -437.41
20200723 -451.49
20200804 -456.68
20200816 -462.80
20200828 -469.99
20200909 -472.78
20200921 -474.97
20201003 -477.94
20201015 -480.42
20201027 -483.58
20201108 -487.56
20201120 -489.39
20201202 -490.71
20201214 -490.21
20210107 -492.98
20210119 -497.39
20210131 -499.77
20210212 -500.92
20210224 -503.84
20210308 -507.42
20210320 -510.35
20210413 -514.94
20210425 -523.61
20210507 -520.58
20210519 -530.71
20210531 -536.14
20210612 -540.46
20210624 -546.47
20210706 -550.93
20210718 -553.58
20210730 -558.89
20210811 -559.38
20210823 -566.64
20210904 -564.67
20210916 -573.65
20210928 -578.33
20211010 -579.72
20211022 -583.74
20211103 -589.49
20211115 -594.46
20211127 -596.63
20211209 -602.64
20211221 -605.59
20220102 -608.52
20220114 -608.95
20220126 -611.59
20220207 -611.28
20220219 -615.86
20220303 -617.57
20220315 -620.67
20220327 -625.27
20220408 -626.08
20220420 -627.16
20220502 -629.87
20220514 -635.25
20220526 -612.76
20220607 -616.05
20220619 -624.98
20220701 -619.51
20220713 -627.38
20220725 -628.29
20220806 -629.82
20220818 -633.33
20220830 -635.88
20220911 -641.06
20220923 -644.75
20221005 -645.67
20221029 -653.01
20221110 -659.66
20221122 -661.26
20221204 -666.61
20221216 -667.16
20221228 -671.78
20230109 -674.45
20230121 -676.42
20230202 -678.01
20230226 -684.87
20230310 -688.24
20230322 -691.51
20230403 -698.14
20230415 -702.14
20230427 -704.00
20230509 -708.81
20230521 -713.76
20230602 -718.47
20230614 -725.24
20230626 -719.36
20230708 -725.76
20230720 -728.89
20230801 -729.36
20230813 -729.75
20230825 -734.07
20230906 -734.30
20230918 -737.04
20230930 -743.75
20231012 -747.79
20231024 -745.65
20231105 -748.77
20231117 -750.64
20231129 -757.00
20231211 -753.81
20231223 -759.35
20240104 -759.37
20240116 -761.96
20240209 -765.31
20240221 -766.59
