# x, y    : 1797, 644
# lat, lon: 36.59800, 59.19555
# ref     : 1591:1592/1610:1611
# refgeo  : 58.98955/58.98955/35.63200/35.63200
# deramp, filtwidth_km, filtwidth_yr : b'1', 2.0, 0.117
# hgt_linear_flag : 1
# gap     : 20220514_20220526 
# linear model: -3.570*t+9.096
20150220    0.00
20150304    2.96
20150328    4.82
20150421    1.52
20150515    3.76
20150702    8.03
20150726   10.51
20150819   12.67
20151030    9.34
20151123    7.66
20151217    5.98
20160110    5.14
20160203    5.33
20160227    2.36
20160322   -0.97
20160415    1.96
20160509    2.26
20160602    5.99
20160720    4.36
20160813    4.28
20160906    5.42
20160930    7.75
20161024    6.66
20161117    5.18
20161211    8.33
20170104    9.84
20170128    6.99
20170209    4.62
20170221    2.09
20170305    0.07
20170317   -1.97
20170329   -1.64
20170410   -3.97
20170422   -5.63
20170504   -3.49
20170516  -16.47
20170528   -8.45
20170609   -5.00
20170703    0.07
20170715    1.88
20170727    1.84
20170808    0.58
20170820    1.60
20170901    0.45
20170913    0.78
20170925    1.16
20171007    1.89
20171019    0.92
20171031    0.78
20171112   -3.61
20171124    7.14
20171206   -0.33
20171218    0.49
20171230    0.25
20180111   -1.50
20180123   -0.28
20180204    0.41
20180216   -0.83
20180228    3.67
20180312   -3.54
20180324   -1.69
20180405   -2.54
20180417    0.16
20180429   -6.68
20180511   -3.24
20180523    0.54
20180604    2.93
20180616    1.76
20180628    1.80
20180710    4.12
20180722   10.97
20180803    2.09
20180815    1.40
20180827   -1.91
20180908    0.70
20181002   -3.34
20181014   -5.16
20181026   -5.33
20181107   -4.73
20181119   -5.84
20181201   -5.80
20181213   -6.00
20181225   -5.77
20190106   -5.03
20190118   -7.29
20190130   -6.01
20190211   -7.56
20190223   -4.83
20190307   -6.21
20190331   -0.99
20190412    0.63
20190424   -6.17
20190506   -3.85
20190518   -2.43
20190530   -2.59
20190611   -3.99
20190623   -4.70
20190705   -5.79
20190717   -3.70
20190729   -0.66
20190810   -1.32
20190822   -2.50
20190903   -4.11
20190915   -2.99
20190927   -4.55
20191009   -3.81
20191021   -4.94
20191102   -7.47
20191114   -7.29
20191126   -5.75
20191208   -5.60
20191220   -8.56
20200101   -8.09
20200125   -7.13
20200206   -6.73
20200218   -5.48
20200301   -6.58
20200313   -7.29
20200406   -7.07
20200418   -7.49
20200430  -15.30
20200512  -10.35
20200524  -10.74
20200605  -17.40
20200617  -15.69
20200629  -17.22
20200723  -24.98
20200804  -18.64
20200816  -22.56
20200828  -23.54
20200909  -24.58
20200921  -23.82
20201003  -20.25
20201015  -18.44
20201027  -16.97
20201108  -17.66
20201120  -14.70
20201202  -14.27
20201214  -13.32
20210107  -11.04
20210119  -12.09
20210131  -11.37
20210212  -11.44
20210224  -10.97
20210308  -10.46
20210320   -9.90
20210413   -9.43
20210425  -11.79
20210507   -5.80
20210519  -13.43
20210531  -17.25
20210612  -14.37
20210624  -17.12
20210706  -16.49
20210718  -15.54
20210730  -14.70
20210811  -14.57
20210823  -14.78
20210904  -10.59
20210916  -13.88
20210928  -12.19
20211010  -12.68
20211022  -10.50
20211103  -13.79
20211115  -12.46
20211127  -12.38
20211209  -12.94
20211221  -15.52
20220102  -10.85
20220114  -12.91
20220126  -12.79
20220207  -14.15
20220219  -16.18
20220303  -14.47
20220315  -14.24
20220327  -15.60
20220408  -16.88
20220420  -13.80
20220502  -16.15
20220514  -13.35
20220526   -9.45
20220607  -13.35
20220619  -20.24
20220701   -9.41
20220713  -12.49
20220725  -11.62
20220806  -11.24
20220818  -10.29
20220830   -8.36
20220911  -10.61
20220923  -10.64
20221005  -10.83
20221029  -11.86
20221110  -10.95
20221122  -13.42
20221204  -13.88
20221216  -14.63
20221228  -16.06
20230109  -16.09
20230121  -15.67
20230202  -19.26
20230226  -20.62
20230310  -19.94
20230322  -25.24
20230403  -22.71
20230415  -26.86
20230427  -26.37
20230509  -26.04
20230521  -29.37
20230602  -37.67
20230614  -29.22
20230626  -26.06
20230708  -27.98
20230720  -27.51
20230801  -23.47
20230813  -21.55
20230825  -20.58
20230906  -20.69
20230918  -21.64
20230930  -21.69
20231012  -21.09
20231024  -21.12
20231105  -22.31
20231117  -25.11
20231129  -25.83
20231211  -24.18
20231223  -25.29
20240104  -24.57
20240116  -23.73
20240209  -24.21
20240221  -24.41
