# x, y    : 1849, 684
# lat, lon: 36.55800, 59.24755
# ref     : 1591:1592/1610:1611
# refgeo  : 58.98955/58.98955/35.63200/35.63200
# deramp, filtwidth_km, filtwidth_yr : b'1', 2.0, 0.117
# hgt_linear_flag : 1
# gap     : 20220514_20220526 
# linear model: -23.892*t+14.603
20150220    0.00
20150304   -2.66
20150328   -1.86
20150421   -0.53
20150515   -2.22
20150702   -1.22
20150726   -1.99
20150819   -5.44
20151030   -8.74
20151123  -10.16
20151217  -12.28
20160110  -14.78
20160203  -13.84
20160227  -16.37
20160322  -21.87
20160415  -19.47
20160509  -17.65
20160602  -12.62
20160720  -18.15
20160813  -16.26
20160906  -20.20
20160930  -21.99
20161024  -23.87
20161117  -25.47
20161211  -25.89
20170104  -25.86
20170128  -28.40
20170209  -30.43
20170221  -33.01
20170305  -36.00
20170317  -36.02
20170329  -38.68
20170410  -39.69
20170422  -41.56
20170504  -43.44
20170516  -46.92
20170528  -43.37
20170609  -40.58
20170703  -40.64
20170715  -40.97
20170727  -42.51
20170808  -43.11
20170820  -42.61
20170901  -43.48
20170913  -45.97
20170925  -44.74
20171007  -45.04
20171019  -45.26
20171031  -47.74
20171112  -49.69
20171124  -43.04
20171206  -48.32
20171218  -47.24
20171230  -48.58
20180111  -50.74
20180123  -50.27
20180204  -49.19
20180216  -50.68
20180228  -48.65
20180312  -53.69
20180324  -51.96
20180405  -54.42
20180417  -54.25
20180429  -58.10
20180511  -55.96
20180523  -56.74
20180604  -54.80
20180616  -58.23
20180628  -57.82
20180710  -57.47
20180722  -51.29
20180803  -61.47
20180815  -62.76
20180827  -63.34
20180908  -62.66
20181002  -67.72
20181014  -69.40
20181026  -68.26
20181107  -72.15
20181119  -72.39
20181201  -73.45
20181213  -75.74
20181225  -74.66
20190106  -76.14
20190118  -77.99
20190130  -80.27
20190211  -80.07
20190223  -76.76
20190307  -78.87
20190331  -76.37
20190412  -74.24
20190424  -83.64
20190506  -81.63
20190518  -85.22
20190530  -89.93
20190611  -85.62
20190623  -87.15
20190705  -89.64
20190717  -89.09
20190729  -83.57
20190810  -86.74
20190822  -87.22
20190903  -89.51
20190915  -88.55
20190927  -94.34
20191009  -92.10
20191021  -93.73
20191102  -95.30
20191114  -96.99
20191126  -97.45
20191208  -96.54
20191220 -101.07
20200101 -101.18
20200125 -102.73
20200206 -102.28
20200218 -101.92
20200301 -102.52
20200313 -104.71
20200406 -105.42
20200418 -107.83
20200430 -111.98
20200512 -114.04
20200524 -115.58
20200605 -118.80
20200617 -118.53
20200629 -120.43
20200723 -133.03
20200804 -128.43
20200816 -128.17
20200828 -130.22
20200909 -134.71
20200921 -128.34
20201003 -128.75
20201015 -128.61
20201027 -127.77
20201108 -129.81
20201120 -126.93
20201202 -126.98
20201214 -127.02
20210107 -127.22
20210119 -126.83
20210131 -125.77
20210212 -126.54
20210224 -128.19
20210308 -129.34
20210320 -132.06
20210413 -131.89
20210425 -133.74
20210507 -130.21
20210519 -131.96
20210531 -141.21
20210612 -137.97
20210624 -140.23
20210706 -141.76
20210718 -141.96
20210730 -146.16
20210811 -140.07
20210823 -143.93
20210904 -140.21
20210916 -142.91
20210928 -143.76
20211010 -143.83
20211022 -142.97
20211103 -145.31
20211115 -145.49
20211127 -146.10
20211209 -147.51
20211221 -152.24
20220102 -147.65
20220114 -148.02
20220126 -149.17
20220207 -152.37
20220219 -154.04
20220303 -154.69
20220315 -152.15
20220327 -154.13
20220408 -157.10
20220420 -153.67
20220502 -160.44
20220514 -154.99
20220526 -148.98
20220607 -152.57
20220619 -153.28
20220701 -151.96
20220713 -152.79
20220725 -153.18
20220806 -151.67
20220818 -151.99
20220830 -151.65
20220911 -155.97
20220923 -156.93
20221005 -157.40
20221029 -159.36
20221110 -161.45
20221122 -162.33
20221204 -164.29
20221216 -165.78
20221228 -166.85
20230109 -167.63
20230121 -168.95
20230202 -172.48
20230226 -176.07
20230310 -172.56
20230322 -180.33
20230403 -179.57
20230415 -182.51
20230427 -185.53
20230509 -185.98
20230521 -190.25
20230602 -192.17
20230614 -191.98
20230626 -189.46
20230708 -192.88
20230720 -194.47
20230801 -191.84
20230813 -190.90
20230825 -193.64
20230906 -194.93
20230918 -194.44
20230930 -197.05
20231012 -199.82
20231024 -196.99
20231105 -198.66
20231117 -203.86
20231129 -202.65
20231211 -205.21
20231223 -201.81
20240104 -205.48
20240116 -206.14
20240209 -209.75
20240221 -211.33
